1 : 0.010631673878256365
2 : 0.012733910651149927
3 : 0.1794256948966133
4 : 0.2051101664822319
5 : 0.23713936942377778
7 : 0.13249932176193369
atomKappa_1 : -8.687565262991177
atomKappa_2 : 4.200226763130253
atomKappa_3 : -0.10594214118024789
bond : 0.06493139359244537
bondKappa_1 : -0.4766136214103375
bondKappa_2 : -1.4927911139662184
bondKappa_3 : -1.7356351740297542
br : 0.012153122307065445
c : 0.3034551546879154
cl : 0.21346569389668701
f : 0.00642448114112959
finalKappa : 2.1628629706352775
h : 0.007246443462804564
i : 0.9510321030794273
n : 0.17326589637132628
o : 0.06128369310773252
