atomKappa_A1 : 0.06125980504647721
atomKappa_A2 : 0.20461219662888475
atomKappa_A3 : 0.14141256354760046
finalKappa : 0.03935209433560516
