apAtom4 : 0.030786589182882906
finalKappa : 0.04782731389573058
