1/1 : 0.02967575582944093
2/1 : 0.5041201287889674
3/1 : 0.20461219662888475
4/1 : 0.005658328760471676
5/1 : 0.028227507680156805
7/1 : 0.21000564971532754
atomKappa_1/1 : 0.04258833147689067
atomKappa_2/1 : 0.19496395014487078
atomKappa_3/1 : 0.3201694158754762
bond/3 : 0.011139917258091714
bondKappa_1/1 : 0.09563271011442609
bondKappa_2/1 : 0.06619413040225908
bondKappa_3/1 : 0.04709356031785461
br_94/1 : 0.11769065997465766
c_10/1 : 0.06555464869252603
c_14/1 : 0.2755221624994224
c_16/1 : 0.0879114052101766
c_19/1 : 0.060678322849406996
c_194/1 : 0.007087500839327632
c_195/1 : 0.37388434600433307
c_21/1 : 0.011864989176039842
c_22/1 : 0.02078223081088204
c_230/1 : 0.4761652278193029
c_232/1 : 0.12492396867651934
c_25/1 : 0.0029945561784234798
c_26/1 : 0.06356878373372865
c_27/1 : 0.13999381361982444
c_28/1 : 0.06125980504647721
c_29/1 : 0.1729300522996926
cl_93/1 : 0.2499891764164648
f_92/1 : 0.05722897387138559
finalKappa/1 : 0.294480083596957
h_1/1 : 0.14986940081423938
h_3/1 : 0.00424586728749432
h_8/1 : 0.03438687308410593
i_95/1 : 0.21317675999595487
n_31/1 : 0.11638463772401231
n_32/1 : 0.001827385102345147
n_34/1 : 0.39375208578267795
n_35/1 : 0.43321030419760476
n_36/1 : 0.02521575478409943
n_38/1 : 0.03948119673500727
o_40/1 : 0.10045773645126843
o_41/1 : 0.7110906165522497
o_42/1 : 0.38652095743176496
o_45/1 : 0.04952409954029946
o_49/1 : 0.09168873342642136
o_50/1 : 1.005909158305414
o_51/1 : 0.18532411056350817
o_52/1 : 0.3694790134693644
