atomKappa_A1 : 0.06125980504647721
atomKappa_A2 : 0.20461219662888475
atomKappa_A3 : 0.14141256354760046
bond : 0.03935209433560516
bondKappa_A1 : 0.34440672404188355
bondKappa_A2 : 0.1740117470482634
bondKappa_A3 : 0.22581315985491202
finalKappa : 0.05857190260769585
