apAtom60 : 0.0879114052101766
atomKappa_A2 : 0.02521575478409943
finalKappa : 0.001827385102345147
