female : 0.2755221624994224
male : 0.0879114052101766
parent : 0.06125980504647721
res : 0.11638463772401231
