atomKappa_A1 : 0.06125980504647721
atomKappa_A2 : 0.3002591699859902
atomKappa_A3 : 0.19496395014487078
bond : 0.20350588320307672
bondKappa_A1 : 0.2976128042087627
bondKappa_A2 : 0.32172369870226447
bondKappa_A3 : 0.12202661196577225
finalKappa : 0.0027828362225932324
