finalKappa : 0.2755221624994224
male : 0.06125980504647721
