finalK : 0.0879114052101766
nextK : 0.06125980504647721
pathK : 0.2755221624994224
