1 : 0.02521575478409943
2 : 0.011864989176039842
3 : 0.2499891764164648
4 : 0.39375208578267795
5 : 0.3694790134693644
7 : 0.7110906165522497
atomKappa_1 : 0.11769065997465766
atomKappa_2 : 0.060678322849406996
atomKappa_3 : 0.06555464869252603
bond : 0.07609352336621988
bondKappa_1 : 0.028227507680156805
bondKappa_2 : 0.0507845426409137
bondKappa_3 : 0.03094596129917626
br : 0.0029945561784234798
c : 0.0879114052101766
cl : 0.11638463772401231
f : 0.10045773645126843
finalKappa : 0.04258833147689067
h : 0.18532411056350817
i : 0.21317675999595487
n : 0.2755221624994224
o : 0.06125980504647721
