apAtom101 : 0.0879114052101766
apAtom103 : 0.11638463772401231
apAtom105 : 0.011864989176039842
apAtom45 : 0.29996628741006326
apAtom47 : 0.05857190260769585
apAtom49 : 0.010314059207352955
apAtom51 : 0.3317140245082655
apAtom53 : 0.02521575478409943
apAtom55 : 0.29463749273969597
apAtom57 : 0.06125980504647721
apAtom59 : 0.09563271011442609
apAtom61 : 0.854136349553384
apAtom63 : 0.39998826117663455
apAtom65 : 0.19646541800070416
apAtom67 : 0.030786589182882906
apAtom69 : 0.28149718119669487
apAtom71 : 0.0029945561784234798
apAtom73 : 0.10045773645126843
apAtom75 : 0.21317675999595487
apAtom77 : 0.18532411056350817
apAtom79 : 0.12312743814364957
apAtom81 : 0.19079857809905043
apAtom83 : 0.009179849364768344
apAtom85 : 0.016122304874068405
apAtom87 : 0.25192719477074554
apAtom89 : 0.22438395245069742
apAtom91 : 0.2755221624994224
apAtom93 : 0.6382724980099006
apAtom95 : 0.07709112029703924
apAtom97 : 0.07340223865993423
apAtom99 : 0.2404907964459344
finalKappa : 0.2499891764164648
