is-aEK/2 : 0.06125980504647721
is-aK/2 : 0.2755221624994224
