1 : 0.02967575582944093
2 : 0.5041201287889674
3 : 0.20461219662888475
4 : 0.005658328760471676
5 : 0.028227507680156805
7 : 0.21000564971532754
atomKappa_1 : 0.23625937406037645
atomKappa_2 : -0.3937570590623356
atomKappa_3 : 0.40133138321004713
bond : 0.011139917258091714
bondKappa_1 : -0.1646804990124899
bondKappa_2 : -0.1279043206152571
bondKappa_3 : 0.29224655426951957
br_94 : 0.11769065997465766
c_10 : 0.06555464869252603
c_14 : 0.2755221624994224
c_16 : 0.0879114052101766
c_19 : 0.060678322849406996
c_194 : 0.007087500839327632
c_195 : 0.37388434600433307
c_21 : 0.011864989176039842
c_22 : 0.02078223081088204
c_230 : 0.4761652278193029
c_232 : 0.12492396867651934
c_25 : 0.0029945561784234798
c_26 : 0.06356878373372865
c_27 : 0.13999381361982444
c_28 : 0.06125980504647721
c_29 : 0.1729300522996926
cl_93 : 0.2499891764164648
f_92 : 0.05722897387138559
finalKappa : 0.23605865142505872
h_1 : 0.14986940081423938
h_3 : 0.00424586728749432
h_8 : 0.03438687308410593
i_95 : 0.21317675999595487
n_31 : 0.11638463772401231
n_32 : 0.001827385102345147
n_34 : 0.39375208578267795
n_35 : 0.43321030419760476
n_36 : 0.02521575478409943
n_38 : 0.03948119673500727
o_40 : 0.10045773645126843
o_41 : 0.7110906165522497
o_42 : 0.38652095743176496
o_45 : 0.04952409954029946
o_49 : 0.09168873342642136
o_50 : 1.005909158305414
o_51 : 0.18532411056350817
o_52 : 0.3694790134693644
